3 3
0 0 1
1 0 0
1 1 0

2 2
1 0
0 1

8 8
0 0 0 1 1 1 1 0
0 1 1 1 1 0 1 0
0 1 0 1 1 1 0 0
0 1 0 0 0 1 0 0
0 0 0 1 0 0 1 0
0 0 0 0 0 1 0 0
0 1 1 1 0 0 0 0
0 1 0 0 0 1 0 0
-1

4 1
1
0
0
1
2

7 3
1 1 1
0 1 1
0 0 1
0 0 0
0 1 0
0 1 0
1 0 1
10

4 6
0 1 1 0 1 1
1 0 1 0 0 1
1 0 1 1 0 0
1 0 1 1 1 0
-1

7 8
1 1 1 1 1 1 1 1
0 0 0 0 0 0 0 1
1 1 1 1 1 1 1 1
0 0 0 0 0 0 0 1
1 0 0 0 0 0 0 1
1 0 0 0 0 0 0 1
1 0 1 1 1 1 1 1
6


6 6
1 1 1 1 1 1
1 0 0 0 0 0
1 0 1 1 0 0
1 0 0 0 0 0
1 0 0 0 0 0
1 1 1 1 1 1
2

10 10
1 1 1 1 1 1 1 1 1 1
1 0 0 0 0 0 0 0 0 1
1 0 1 1 1 1 1 1 0 1
1 0 1 0 0 1 0 1 0 1
1 0 1 0 0 1 0 1 0 1
1 0 1 0 1 1 0 1 0 1
1 0 1 0 0 0 0 1 0 1
1 0 1 1 1 0 1 1 0 1
1 0 0 0 0 0 0 0 0 1
1 1 1 1 1 1 1 1 1 1
3

7 7
1 0 1 0 1 0 0
0 0 1 1 0 1 0
0 0 0 0 1 0 1
0 1 1 0 1 0 1
0 1 0 1 0 0 0
1 1 0 0 1 1 0
0 0 0 0 1 1 0
-1

2 5
1 0 0 1 0
1 0 0 0 1
5

7 7
1 1 1 0 1 1 1
1 1 1 1 1 1 1
1 1 1 0 1 1 1
1 0 0 1 0 0 1
1 1 1 0 1 1 1
1 1 1 0 1 1 1
1 1 1 0 1 1 1
2

3 3
1 0 0
0 0 0
0 0 1
-1

6 10
1 1 1 1 1 1 1 1 1 1
1 0 0 0 0 0 1 0 0 0
1 0 1 0 0 0 1 0 0 1
1 0 1 0 0 0 1 0 0 1
0 0 1 0 0 0 0 0 0 1
1 1 1 1 1 1 1 1 1 1
2

2 5
1 0 0 1 0
1 0 0 0 1
5